   1.0000000e+01   1.0000000e-02   3.0000000e-02   5.0000000e-02   1.0000000e-01   2.0000000e-01   3.0000000e-01   4.0000000e-01   6.0000000e-01   8.0000000e-01   1.0000000e+00
  -3.1415927e+00  -5.2047672e-01  -7.3660115e-01  -8.1090555e-01  -8.3535158e-01  -6.3436841e-01  -4.4082355e-01  -2.5243306e-01   2.2237686e-02   2.2903086e-01   4.1619084e-01
  -3.1101767e+00  -5.1656013e-01  -7.3481404e-01  -8.1172542e-01  -8.4037843e-01  -6.5024699e-01  -4.5966499e-01  -2.7214768e-01   3.4320043e-03   2.1248267e-01   4.0229023e-01
  -3.0787608e+00  -5.1264228e-01  -7.3262804e-01  -8.1197753e-01  -8.4471772e-01  -6.6522108e-01  -4.7769734e-01  -2.9120255e-01  -1.4932365e-02   1.9621301e-01   3.8852146e-01
  -3.0473449e+00  -5.0880461e-01  -7.3023233e-01  -8.1176650e-01  -8.4843767e-01  -6.7933038e-01  -4.9494211e-01  -3.0960658e-01  -3.2852641e-02   1.8022935e-01   3.7489468e-01
  -3.0159289e+00  -5.0513469e-01  -7.2784271e-01  -8.1122759e-01  -8.5161499e-01  -6.9261744e-01  -5.1142298e-01  -3.2737050e-01  -5.0327318e-02   1.6453838e-01   3.6141970e-01
  -2.9845130e+00  -5.0164045e-01  -7.2561899e-01  -8.1048833e-01  -8.5432486e-01  -7.0512495e-01  -5.2716450e-01  -3.4450609e-01  -6.7355809e-02   1.4914615e-01   3.4810605e-01
  -2.9530971e+00  -4.9830806e-01  -7.2363696e-01  -8.0964898e-01  -8.5663547e-01  -7.1689421e-01  -5.4219131e-01  -3.6102567e-01  -8.3938226e-02   1.3405822e-01   3.3496307e-01
  -2.9216812e+00  -4.9510972e-01  -7.2189241e-01  -8.0877528e-01  -8.5860560e-01  -7.2796438e-01  -5.5652768e-01  -3.7694183e-01  -1.0007523e-01   1.1927971e-01   3.2199990e-01
  -2.8902652e+00  -4.9196987e-01  -7.2032702e-01  -8.0790130e-01  -8.6028471e-01  -7.3837233e-01  -5.7019741e-01  -3.9226736e-01  -1.1576799e-01   1.0481535e-01   3.0922548e-01
  -2.8588493e+00  -4.8883512e-01  -7.1887785e-01  -8.0704366e-01  -8.6171588e-01  -7.4815324e-01  -5.8322397e-01  -4.0701528e-01  -1.3101816e-01   9.0669455e-02   2.9664855e-01
  -2.8274334e+00  -4.8570878e-01  -7.1751073e-01  -8.0621298e-01  -8.6293819e-01  -7.5734114e-01  -5.9563067e-01  -4.2119886e-01  -1.4582792e-01   7.6845900e-02   2.8427758e-01
  -2.7960175e+00  -4.8260065e-01  -7.1622111e-01  -8.0541615e-01  -8.6398686e-01  -7.6596874e-01  -6.0744050e-01  -4.3483159e-01  -1.6019987e-01   6.3348180e-02   2.7212079e-01
  -2.7646015e+00  -4.7953126e-01  -7.1502483e-01  -8.0465673e-01  -8.6489299e-01  -7.7406735e-01  -6.1867607e-01  -4.4792702e-01  -1.7413703e-01   5.0179424e-02   2.6018616e-01
  -2.7331856e+00  -4.7655161e-01  -7.1394226e-01  -8.0393371e-01  -8.6568312e-01  -7.8166665e-01  -6.2935936e-01  -4.6049866e-01  -1.8764269e-01   3.7342433e-02   2.4848143e-01
  -2.7017697e+00  -4.7369809e-01  -7.1297483e-01  -8.0323737e-01  -8.6637808e-01  -7.8879435e-01  -6.3951161e-01  -4.7255983e-01  -2.0072041e-01   2.4839730e-02   2.3701409e-01
  -2.6703538e+00  -4.7096848e-01  -7.1209449e-01  -8.0254900e-01  -8.6699300e-01  -7.9547611e-01  -6.4915314e-01  -4.8412359e-01  -2.1337388e-01   1.2673583e-02   2.2579143e-01
  -2.6389378e+00  -4.6835302e-01  -7.1125291e-01  -8.0184653e-01  -8.6753883e-01  -8.0173589e-01  -6.5830352e-01  -4.9520277e-01  -2.2560700e-01   8.4600736e-04   2.1482048e-01
  -2.6075219e+00  -4.6584271e-01  -7.1039557e-01  -8.0111056e-01  -8.6802413e-01  -8.0759631e-01  -6.6698166e-01  -5.0580998e-01  -2.3742382e-01  -1.0641234e-02   2.0410802e-01
  -2.5761060e+00  -4.6341255e-01  -7.0947419e-01  -8.0032869e-01  -8.6845640e-01  -8.1307902e-01  -6.7520593e-01  -5.1595771e-01  -2.4882857e-01  -2.1786630e-02   1.9366057e-01
  -2.5446900e+00  -4.6103336e-01  -7.0846015e-01  -7.9949929e-01  -8.6884337e-01  -8.1820493e-01  -6.8299424e-01  -5.2565829e-01  -2.5982562e-01  -3.2588917e-02   1.8348438e-01
  -2.5132741e+00  -4.5869576e-01  -7.0735269e-01  -7.9863295e-01  -8.6919372e-01  -8.2299440e-01  -6.9036410e-01  -5.3492394e-01  -2.7041951e-01  -4.3047068e-02   1.7358542e-01
  -2.4818582e+00  -4.5640628e-01  -7.0617591e-01  -7.9774975e-01  -8.6951679e-01  -8.2746716e-01  -6.9733252e-01  -5.4376668e-01  -2.8061488e-01  -5.3160264e-02   1.6396941e-01
  -2.4504423e+00  -4.5417117e-01  -7.0496854e-01  -7.9687418e-01  -8.6982158e-01  -8.3164204e-01  -7.0391591e-01  -5.5219824e-01  -2.9041641e-01  -6.2927862e-02   1.5464181e-01
  -2.4190263e+00  -4.5199583e-01  -7.0377408e-01  -7.9603042e-01  -8.7011596e-01  -8.3553678e-01  -7.1012995e-01  -5.6023000e-01  -2.9982877e-01  -7.2349360e-02   1.4560785e-01
  -2.3876104e+00  -4.4989148e-01  -7.0263275e-01  -7.9523887e-01  -8.7040606e-01  -8.3916785e-01  -7.1598950e-01  -5.6787290e-01  -3.0885658e-01  -8.1424367e-02   1.3687257e-01
  -2.3561945e+00  -4.4787166e-01  -7.0157486e-01  -7.9451354e-01  -8.7069584e-01  -8.4255043e-01  -7.2150857e-01  -5.7513740e-01  -3.1750437e-01  -9.0152584e-02   1.2844076e-01
  -2.3247786e+00  -4.4594335e-01  -7.0061688e-01  -7.9386083e-01  -8.7098705e-01  -8.4569832e-01  -7.2670027e-01  -5.8203346e-01  -3.2577655e-01  -9.8533777e-02   1.2031704e-01
  -2.2933626e+00  -4.4410532e-01  -6.9976172e-01  -7.9328008e-01  -8.7127945e-01  -8.4862406e-01  -7.3157688e-01  -5.8857054e-01  -3.3367739e-01  -1.0656777e-01   1.1250585e-01
  -2.2619467e+00  -4.4235341e-01  -6.9900225e-01  -7.9276543e-01  -8.7157146e-01  -8.5133910e-01  -7.3614987e-01  -5.9475760e-01  -3.4121106e-01  -1.1425445e-01   1.0501140e-01
  -2.2305308e+00  -4.4068457e-01  -6.9832553e-01  -7.9230798e-01  -8.7186077e-01  -8.5385400e-01  -7.4043000e-01  -6.0060317e-01  -3.4838157e-01  -1.2159372e-01   9.7837769e-02
  -2.1991149e+00  -4.3909667e-01  -6.9771635e-01  -7.9189761e-01  -8.7214483e-01  -8.5617852e-01  -7.4442738e-01  -6.0611535e-01  -3.5519280e-01  -1.2858556e-01   9.0988811e-02
  -2.1676989e+00  -4.3758696e-01  -6.9715982e-01  -7.9152446e-01  -8.7242129e-01  -8.5832178e-01  -7.4815150e-01  -6.1130182e-01  -3.6164848e-01  -1.3522996e-01   8.4468224e-02
  -2.1362830e+00  -4.3615221e-01  -6.9664325e-01  -7.9117992e-01  -8.7268822e-01  -8.6029235e-01  -7.5161131e-01  -6.1616986e-01  -3.6775221e-01  -1.4152693e-01   7.8279530e-02
  -2.1048671e+00  -4.3479002e-01  -6.9615716e-01  -7.9085721e-01  -8.7294430e-01  -8.6209832e-01  -7.5481520e-01  -6.2072637e-01  -3.7350743e-01  -1.4747650e-01   7.2426086e-02
  -2.0734512e+00  -4.3349970e-01  -6.9569552e-01  -7.9055159e-01  -8.7318880e-01  -8.6374730e-01  -7.5777103e-01  -6.2497784e-01  -3.7891740e-01  -1.5307872e-01   6.6911095e-02
  -2.0420352e+00  -4.3228209e-01  -6.9525527e-01  -7.9026016e-01  -8.7342157e-01  -8.6524644e-01  -7.6048616e-01  -6.2893037e-01  -3.8398523e-01  -1.5833362e-01   6.1737612e-02
  -2.0106193e+00  -4.3113870e-01  -6.9483559e-01  -7.8998156e-01  -8.7364290e-01  -8.6660247e-01  -7.6296741e-01  -6.3258965e-01  -3.8871380e-01  -1.6324119e-01   5.6908556e-02
  -1.9792034e+00  -4.3007105e-01  -6.9443711e-01  -7.8971554e-01  -8.7385341e-01  -8.6782161e-01  -7.6522107e-01  -6.3596096e-01  -3.9310584e-01  -1.6780142e-01   5.2426712e-02
  -1.9477874e+00  -4.2908033e-01  -6.9406119e-01  -7.8946259e-01  -8.7405393e-01  -8.6890965e-01  -7.6725293e-01  -6.3904913e-01  -3.9716381e-01  -1.7201425e-01   4.8294748e-02
  -1.9163715e+00  -4.2816739e-01  -6.9370955e-01  -7.8922369e-01  -8.7424543e-01  -8.6987189e-01  -7.6906823e-01  -6.4185861e-01  -4.0088999e-01  -1.7587955e-01   4.4515215e-02
  -1.8849556e+00  -4.2733288e-01  -6.9338392e-01  -7.8900002e-01  -8.7442890e-01  -8.7071316e-01  -7.7067169e-01  -6.4439339e-01  -4.0428641e-01  -1.7939717e-01   4.1090557e-02
  -1.8535397e+00  -4.2657728e-01  -6.9308585e-01  -7.8879283e-01  -8.7460532e-01  -8.7143783e-01  -7.7206754e-01  -6.4665703e-01  -4.0735486e-01  -1.8256687e-01   3.8023115e-02
  -1.8221237e+00  -4.2590096e-01  -6.9281667e-01  -7.8860331e-01  -8.7477561e-01  -8.7204981e-01  -7.7325946e-01  -6.4865268e-01  -4.1009690e-01  -1.8538834e-01   3.5315136e-02
  -1.7907078e+00  -4.2530416e-01  -6.9257743e-01  -7.8843252e-01  -8.7494062e-01  -8.7255257e-01  -7.7425066e-01  -6.5038302e-01  -4.1251383e-01  -1.8786119e-01   3.2968771e-02
  -1.7592919e+00  -4.2478700e-01  -6.9236892e-01  -7.8828138e-01  -8.7510108e-01  -8.7294913e-01  -7.7504384e-01  -6.5185035e-01  -4.1460670e-01  -1.8998497e-01   3.0986082e-02
  -1.7278760e+00  -4.2434955e-01  -6.9219175e-01  -7.8815062e-01  -8.7525764e-01  -8.7324212e-01  -7.7564121e-01  -6.5305649e-01  -4.1637631e-01  -1.9175912e-01   2.9369046e-02
  -1.6964600e+00  -4.2399180e-01  -6.9204633e-01  -7.8804082e-01  -8.7541080e-01  -8.7343371e-01  -7.7604450e-01  -6.5400288e-01  -4.1782319e-01  -1.9318302e-01   2.8119550e-02
  -1.6650441e+00  -4.2371372e-01  -6.9193295e-01  -7.8795237e-01  -8.7556096e-01  -8.7352572e-01  -7.7625496e-01  -6.5469049e-01  -4.1894762e-01  -1.9425593e-01   2.7239399e-02
  -1.6336282e+00  -4.2351529e-01  -6.9185181e-01  -7.8788555e-01  -8.7570838e-01  -8.7351954e-01  -7.7627338e-01  -6.5511990e-01  -4.1974962e-01  -1.9497705e-01   2.6730310e-02
  -1.6022123e+00  -4.2339647e-01  -6.9180303e-01  -7.8784047e-01  -8.7585323e-01  -8.7341620e-01  -7.7610009e-01  -6.5529127e-01  -4.2022893e-01  -1.9534548e-01   2.6593913e-02
  -1.5707963e+00  -4.2335724e-01  -6.9178667e-01  -7.8781712e-01  -8.7599550e-01  -8.7321635e-01  -7.7573496e-01  -6.5520430e-01  -4.2038505e-01  -1.9536022e-01   2.6831749e-02
  -1.5393804e+00  -4.2339760e-01  -6.9180277e-01  -7.8781538e-01  -8.7613508e-01  -8.7292026e-01  -7.7517740e-01  -6.5485833e-01  -4.2021720e-01  -1.9502020e-01   2.7445265e-02
  -1.5079645e+00  -4.2351756e-01  -6.9185130e-01  -7.8783497e-01  -8.7627171e-01  -8.7252785e-01  -7.7442637e-01  -6.5425224e-01  -4.1972435e-01  -1.9432426e-01   2.8435811e-02
  -1.4765485e+00  -4.2371713e-01  -6.9193220e-01  -7.8787552e-01  -8.7640494e-01  -8.7203865e-01  -7.7348040e-01  -6.5338451e-01  -4.1890521e-01  -1.9327115e-01   2.9804632e-02
  -1.4451326e+00  -4.2399635e-01  -6.9204535e-01  -7.8793649e-01  -8.7653419e-01  -8.7145184e-01  -7.7233754e-01  -6.5225319e-01  -4.1775824e-01  -1.9185955e-01   3.1552868e-02
  -1.4137167e+00  -4.2435526e-01  -6.9219055e-01  -7.8801717e-01  -8.7665865e-01  -8.7076621e-01  -7.7099542e-01  -6.5085595e-01  -4.1628161e-01  -1.9008806e-01   3.3681539e-02
  -1.3823008e+00  -4.2479389e-01  -6.9236749e-01  -7.8811671e-01  -8.7677733e-01  -8.6998019e-01  -7.6945121e-01  -6.4919002e-01  -4.1447327e-01  -1.8795524e-01   3.6191538e-02
  -1.3508848e+00  -4.2531225e-01  -6.9257571e-01  -7.8823402e-01  -8.7688901e-01  -8.6909180e-01  -7.6770162e-01  -6.4725221e-01  -4.1233092e-01  -1.8545954e-01   3.9083628e-02
  -1.3194689e+00  -4.2591029e-01  -6.9281459e-01  -7.8836784e-01  -8.7699222e-01  -8.6809868e-01  -7.6574294e-01  -6.4503895e-01  -4.0985201e-01  -1.8259940e-01   4.2358423e-02
  -1.2880530e+00  -4.2658789e-01  -6.9308323e-01  -7.8851665e-01  -8.7708523e-01  -8.6699808e-01  -7.6357097e-01  -6.4254623e-01  -4.0703373e-01  -1.7937321e-01   4.6016379e-02
  -1.2566371e+00  -4.2734483e-01  -6.9338047e-01  -7.8867875e-01  -8.7716605e-01  -8.6578682e-01  -7.6118108e-01  -6.3976965e-01  -4.0387308e-01  -1.7577930e-01   5.0057786e-02
  -1.2252211e+00  -4.2818073e-01  -6.9370486e-01  -7.8885225e-01  -8.7723241e-01  -8.6446128e-01  -7.5856817e-01  -6.3670440e-01  -4.0036681e-01  -1.7181600e-01   5.4482747e-02
  -1.1938052e+00  -4.2909513e-01  -6.9405462e-01  -7.8903516e-01  -8.7728177e-01  -8.6301745e-01  -7.5572668e-01  -6.3334527e-01  -3.9651144e-01  -1.6748162e-01   5.9291169e-02
  -1.1623893e+00  -4.3008736e-01  -6.9442781e-01  -7.8922548e-01  -8.7731139e-01  -8.6145084e-01  -7.5265060e-01  -6.2968665e-01  -3.9230332e-01  -1.6277448e-01   6.4482743e-02
  -1.1309734e+00  -4.3115653e-01  -6.9482241e-01  -7.8942141e-01  -8.7731830e-01  -8.5975656e-01  -7.4933347e-01  -6.2572255e-01  -3.8773858e-01  -1.5769290e-01   7.0056931e-02
  -1.0995574e+00  -4.3230141e-01  -6.9523672e-01  -7.8962159e-01  -8.7729941e-01  -8.5792923e-01  -7.4576836e-01  -6.2144658e-01  -3.8281317e-01  -1.5223525e-01   7.6012946e-02
  -1.0681415e+00  -4.3352043e-01  -6.9566977e-01  -7.8982541e-01  -8.7725159e-01  -8.5596308e-01  -7.4194794e-01  -6.1685201e-01  -3.7752288e-01  -1.4639993e-01   8.2349735e-02
  -1.0367256e+00  -4.3481202e-01  -6.9612203e-01  -7.9003341e-01  -8.7717180e-01  -8.5385189e-01  -7.3786440e-01  -6.1193174e-01  -3.7186335e-01  -1.4018541e-01   8.9065957e-02
  -1.0053096e+00  -4.3617527e-01  -6.9659625e-01  -7.9024775e-01  -8.7705717e-01  -8.5158900e-01  -7.3350953e-01  -6.0667834e-01  -3.6583009e-01  -1.3359026e-01   9.6159965e-02
  -9.7389372e-01  -4.3761080e-01  -6.9709826e-01  -7.9047260e-01  -8.7690515e-01  -8.4916737e-01  -7.2887472e-01  -6.0108403e-01  -3.5941848e-01  -1.2661315e-01   1.0362979e-01
  -9.4247780e-01  -4.3912098e-01  -6.9763752e-01  -7.9071435e-01  -8.7671357e-01  -8.4657952e-01  -7.2395094e-01  -5.9514076e-01  -3.5262384e-01  -1.1925286e-01   1.1147310e-01
  -9.1106187e-01  -4.4070907e-01  -6.9822691e-01  -7.9098149e-01  -8.7648064e-01  -8.4381752e-01  -7.1872876e-01  -5.8884015e-01  -3.4544138e-01  -1.1150833e-01   1.1968723e-01
  -8.7964594e-01  -4.4237786e-01  -6.9888180e-01  -7.9128412e-01  -8.7620480e-01  -8.4087293e-01  -7.1319833e-01  -5.8217354e-01  -3.3786626e-01  -1.0337867e-01   1.2826909e-01
  -8.4823002e-01  -4.4412962e-01  -6.9961817e-01  -7.9163296e-01  -8.7588449e-01  -8.3773672e-01  -7.0734935e-01  -5.7513197e-01  -3.2989362e-01  -9.4863155e-02   1.3721522e-01
  -8.1681409e-01  -4.4596757e-01  -7.0045000e-01  -7.9203794e-01  -8.7551778e-01  -8.3439911e-01  -7.0117104e-01  -5.6770619e-01  -3.2151854e-01  -8.5961279e-02   1.4652172e-01
  -7.8539816e-01  -4.4789608e-01  -7.0138569e-01  -7.9250642e-01  -8.7510189e-01  -8.3084949e-01  -6.9465207e-01  -5.5988661e-01  -3.1273610e-01  -7.6672736e-02   1.5618427e-01
  -7.5398224e-01  -4.4991655e-01  -7.0242360e-01  -7.9304093e-01  -8.7463258e-01  -8.2707615e-01  -6.8778051e-01  -5.5166333e-01  -3.0354135e-01  -6.6997454e-02   1.6619812e-01
  -7.2256631e-01  -4.5202210e-01  -7.0354849e-01  -7.9363734e-01  -8.7410355e-01  -8.2306618e-01  -6.8054380e-01  -5.4302610e-01  -2.9392935e-01  -5.6935603e-02   1.7655803e-01
  -6.9115038e-01  -4.5419918e-01  -7.0473091e-01  -7.9428426e-01  -8.7350628e-01  -8.1880534e-01  -6.7292867e-01  -5.3396434e-01  -2.8389520e-01  -4.6487621e-02   1.8725832e-01
  -6.5973446e-01  -4.5643637e-01  -7.0593109e-01  -7.9496423e-01  -8.7283007e-01  -8.1427811e-01  -6.6492122e-01  -5.2446716e-01  -2.7343404e-01  -3.5654235e-02   1.9829280e-01
  -6.2831853e-01  -4.5872797e-01  -7.0710549e-01  -7.9565632e-01  -8.7206260e-01  -8.0946771e-01  -6.5650698e-01  -5.1452345e-01  -2.6254112e-01  -2.4436502e-02   2.0965479e-01
  -5.9690260e-01  -4.6106733e-01  -7.0821485e-01  -7.9633975e-01  -8.7119059e-01  -8.0435635e-01  -6.4767098e-01  -5.0412194e-01  -2.5121187e-01  -1.2835839e-02   2.2133707e-01
  -5.6548668e-01  -4.6344754e-01  -7.0923429e-01  -7.9699866e-01  -8.7020080e-01  -7.9892538e-01  -6.3839793e-01  -4.9325130e-01  -2.3944193e-01  -8.5406974e-04   2.3333186e-01
  -5.3407075e-01  -4.6587774e-01  -7.1016379e-01  -7.9762745e-01  -8.6908111e-01  -7.9315558e-01  -6.2867230e-01  -4.8190026e-01  -2.2722725e-01   1.1506535e-02   2.4563084e-01
  -5.0265482e-01  -4.6838716e-01  -7.1103153e-01  -7.9823376e-01  -8.6782102e-01  -7.8702727e-01  -6.1847848e-01  -4.7005767e-01  -2.1456412e-01   2.4243220e-02   2.5822506e-01
  -4.7123890e-01  -4.7100113e-01  -7.1188585e-01  -7.9883722e-01  -8.6641115e-01  -7.8052018e-01  -6.0780071e-01  -4.5771254e-01  -2.0144923e-01   3.7352728e-02   2.7110501e-01
  -4.3982297e-01  -4.7372919e-01  -7.1278199e-01  -7.9946592e-01  -8.6484216e-01  -7.7361322e-01  -5.9662304e-01  -4.4485403e-01  -1.8787964e-01   5.0831288e-02   2.8426059e-01
  -4.0840704e-01  -4.7658175e-01  -7.1376947e-01  -8.0015223e-01  -8.6310355e-01  -7.6628411e-01  -5.8492921e-01  -4.3147139e-01  -1.7385287e-01   6.4674611e-02   2.9768113e-01
  -3.7699112e-01  -4.7956154e-01  -7.1487782e-01  -8.0092672e-01  -8.6118207e-01  -7.5850909e-01  -5.7270257e-01  -4.1755401e-01  -1.5936682e-01   7.8877883e-02   3.1135538e-01
  -3.4557519e-01  -4.8263230e-01  -7.1610694e-01  -8.0181260e-01  -8.5906034e-01  -7.5026256e-01  -5.5992595e-01  -4.0309130e-01  -1.4441983e-01   9.3435764e-02   3.2527158e-01
  -3.1415927e-01  -4.8574273e-01  -7.1743749e-01  -8.0282581e-01  -8.5671693e-01  -7.4151717e-01  -5.4658178e-01  -3.8807287e-01  -1.2901075e-01   1.0834236e-01   3.3941739e-01
  -2.8274334e-01  -4.8887160e-01  -7.1885424e-01  -8.0397899e-01  -8.5412758e-01  -7.3224415e-01  -5.3265227e-01  -3.7248861e-01  -1.1313898e-01   1.2359118e-01   3.5377996e-01
  -2.5132741e-01  -4.9200830e-01  -7.2036199e-01  -8.0528245e-01  -8.5126568e-01  -7.2241351e-01  -5.1811959e-01  -3.5632885e-01  -9.6804606e-02   1.3917509e-01   3.6834587e-01
  -2.1991149e-01  -4.9514886e-01  -7.2199486e-01  -8.0674339e-01  -8.4810238e-01  -7.1199415e-01  -5.0296594e-01  -3.3958444e-01  -8.0008396e-02   1.5508631e-01   3.8310118e-01
  -1.8849556e-01  -4.9834649e-01  -7.2381542e-01  -8.0836296e-01  -8.4460633e-01  -7.0095390e-01  -4.8717365e-01  -3.2224684e-01  -6.2751900e-02   1.7131638e-01   3.9803144e-01
  -1.5707963e-01  -5.0167720e-01  -7.2588076e-01  -8.1012405e-01  -8.4074095e-01  -6.8925895e-01  -4.7072502e-01  -3.0430805e-01  -4.5037420e-02   1.8785617e-01   4.1312171e-01
  -1.2566371e-01  -5.0516960e-01  -7.2819222e-01  -8.1197595e-01  -8.3646108e-01  -6.7687308e-01  -4.5360200e-01  -2.8576048e-01  -2.6867980e-02   2.0469595e-01   4.2835664e-01
  -9.4247780e-02  -5.0883836e-01  -7.3066836e-01  -8.1383044e-01  -8.3171226e-01  -6.6375773e-01  -4.3578631e-01  -2.6659706e-01  -8.2473677e-03   2.2182533e-01   4.4372050e-01
  -6.2831853e-02  -5.1267601e-01  -7.3314022e-01  -8.1556805e-01  -8.2643260e-01  -6.4987254e-01  -4.1725977e-01  -2.4681146e-01   1.0819744e-02   2.3923325e-01   4.5919716e-01
  -3.1415927e-02  -5.1659467e-01  -7.3537921e-01  -8.1705709e-01  -8.2055756e-01  -6.3517675e-01  -3.9800500e-01  -2.2639848e-01   3.0327603e-02   2.5690786e-01   4.7477010e-01
   0.0000000e+00  -5.2051177e-01  -7.3718093e-01  -8.1819187e-01  -8.1402944e-01  -6.1963178e-01  -3.7800661e-01  -2.0535480e-01   5.0269051e-02   2.7483639e-01   4.9042232e-01
   3.1415927e-02  -5.2440815e-01  -7.3845376e-01  -8.1893015e-01  -8.0680641e-01  -6.0320369e-01  -3.5725237e-01  -1.8367966e-01   7.0635205e-02   2.9300495e-01   5.0613628e-01
   6.2831853e-02  -5.2827192e-01  -7.3926432e-01  -8.1931069e-01  -7.9886635e-01  -5.8586437e-01  -3.3573388e-01  -1.6137524e-01   9.1415292e-02   3.1139850e-01   5.2189393e-01
   9.4247780e-02  -5.3215884e-01  -7.3984476e-01  -8.1945211e-01  -7.9020581e-01  -5.6759153e-01  -3.1344657e-01  -1.3844671e-01   1.1259661e-01   3.3000083e-01   5.3767670e-01
   1.2566371e-01  -5.3619740e-01  -7.4052920e-01  -8.1952117e-01  -7.8083114e-01  -5.4836676e-01  -2.9038894e-01  -1.1490180e-01   1.3416473e-01   3.4879470e-01   5.5346568e-01
   1.5707963e-01  -5.4045006e-01  -7.4162763e-01  -8.1967480e-01  -7.7074287e-01  -5.2817189e-01  -2.6656104e-01  -9.0749995e-02   1.5610383e-01   3.6776206e-01   5.6924175e-01
   1.8849556e-01  -5.4493560e-01  -7.4332610e-01  -8.2000989e-01  -7.5992203e-01  -5.0698590e-01  -2.4196312e-01  -6.6001795e-02   1.7839710e-01   3.8688430e-01   5.8498584e-01
   2.1991149e-01  -5.4964588e-01  -7.4563318e-01  -8.2053058e-01  -7.4832083e-01  -4.8478285e-01  -2.1659486e-01  -4.0668255e-02   2.0102686e-01   4.0614235e-01   6.0067899e-01
   2.5132741e-01  -5.5446216e-01  -7.4838261e-01  -8.2113928e-01  -7.3585936e-01  -4.6153147e-01  -1.9045516e-01  -1.4760919e-02   2.2397467e-01   4.2551676e-01   6.1630243e-01
   2.8274334e-01  -5.5927463e-01  -7.5132847e-01  -8.2166642e-01  -7.2243225e-01  -4.3719710e-01  -1.6354313e-01   1.1707636e-02   2.4722107e-01   4.4498759e-01   6.3183762e-01
   3.1415927e-01  -5.6406259e-01  -7.5425709e-01  -8.2191260e-01  -7.0791872e-01  -4.1174458e-01  -1.3585941e-01   3.8723059e-02   2.7074526e-01   4.6453426e-01   6.4726609e-01
   3.4557519e-01  -5.6881901e-01  -7.5704940e-01  -8.2167877e-01  -6.9219009e-01  -3.8514048e-01  -1.0740721e-01   6.6268633e-02   2.9452490e-01   4.8413544e-01   6.6256950e-01
   3.7699112e-01  -5.7362650e-01  -7.5970572e-01  -8.2078706e-01  -6.7511540e-01  -3.5735488e-01  -7.8193159e-02   9.4324821e-02   3.1853586e-01   5.0376900e-01   6.7772956e-01
   4.0840704e-01  -5.7863704e-01  -7.6229444e-01  -8.1907593e-01  -6.5656127e-01  -3.2836171e-01  -4.8227471e-02   1.2286918e-01   3.4275228e-01   5.2341198e-01   6.9272808e-01
   4.3982297e-01  -5.8390887e-01  -7.6484809e-01  -8.1637503e-01  -6.3638715e-01  -2.9813792e-01  -1.7523617e-02   1.5187657e-01   3.6714664e-01   5.4304074e-01   7.0754708e-01
   4.7123890e-01  -5.8945090e-01  -7.6730476e-01  -8.1249263e-01  -6.1444437e-01  -2.6666361e-01   1.3901608e-02   1.8131913e-01   3.9168983e-01   5.6263097e-01   7.2216883e-01
   5.0265482e-01  -5.9523187e-01  -7.6949344e-01  -8.0721342e-01  -5.9057832e-01  -2.3392290e-01   4.6027686e-02   2.1116610e-01   4.1635105e-01   5.8215769e-01   7.3657584e-01
   5.3407075e-01  -6.0110393e-01  -7.7116239e-01  -8.0030597e-01  -5.6463353e-01  -1.9990556e-01   7.8829669e-02   2.4138347e-01   4.4109774e-01   6.0159520e-01   7.5075088e-01
   5.6548668e-01  -6.0694023e-01  -7.7207130e-01  -7.9154846e-01  -5.3646363e-01  -1.6460981e-01   1.1227695e-01   2.7193331e-01   4.6589529e-01   6.2091699e-01   7.6467688e-01
   5.9690260e-01  -6.1271051e-01  -7.7206470e-01  -7.8074488e-01  -5.0593933e-01  -1.2804457e-01   1.4633231e-01   3.0277328e-01   4.9070689e-01   6.4009562e-01   7.7833689e-01
   6.2831853e-01  -6.1840310e-01  -7.7107712e-01  -7.6771661e-01  -4.7295027e-01  -9.0230184e-02   1.8095163e-01   3.3385658e-01   5.1549354e-01   6.5910277e-01   7.9171412e-01
   6.5973446e-01  -6.2408611e-01  -7.6910134e-01  -7.5228344e-01  -4.3740429e-01  -5.1198428e-02   2.1608396e-01   3.6513198e-01   5.4021411e-01   6.7790930e-01   8.0479194e-01
   6.9115038e-01  -6.2991329e-01  -7.6610630e-01  -7.3423120e-01  -3.9922319e-01  -1.0991613e-02   2.5167199e-01   3.9654421e-01   5.6482558e-01   6.9648537e-01   8.1755398e-01
   7.2256631e-01  -6.3597646e-01  -7.6192484e-01  -7.1327449e-01  -3.5833710e-01   3.0338748e-02   2.8765278e-01   4.2803439e-01   5.8928328e-01   7.1480059e-01   8.2998417e-01
   7.5398224e-01  -6.4230141e-01  -7.5619202e-01  -6.8904373e-01  -3.1468439e-01   7.2731917e-02   3.2395780e-01   4.5954020e-01   6.1354099e-01   7.3282413e-01   8.4206682e-01
   7.8539816e-01  -6.4889527e-01  -7.4834229e-01  -6.6109840e-01  -2.6821775e-01   1.1611646e-01   3.6051248e-01   4.9099565e-01   6.3755095e-01   7.5052468e-01   8.5378656e-01
   8.1681409e-01  -6.5567068e-01  -7.3763878e-01  -6.2895536e-01  -2.1891347e-01   1.6040805e-01   3.9723533e-01   5.2233071e-01   6.6126373e-01   7.6787037e-01   8.6512826e-01
   8.4823002e-01  -6.6244983e-01  -7.2324647e-01  -5.9213409e-01  -1.6678425e-01   2.0550648e-01   4.3403679e-01   5.5347076e-01   6.8462801e-01   7.8482873e-01   8.7607694e-01
   8.7964594e-01  -6.6906915e-01  -7.0432568e-01  -5.5020862e-01  -1.1189302e-01   2.5129247e-01   4.7081804e-01   5.8433597e-01   7.0759042e-01   8.0136652e-01   8.8661764e-01
   9.1106187e-01  -6.7537883e-01  -6.8009284e-01  -5.0284513e-01  -5.4362446e-02   2.9762571e-01   5.0747025e-01   6.1484105e-01   7.3009548e-01   8.1744968e-01   8.9673540e-01
   9.4247780e-01  -6.8118962e-01  -6.4984674e-01  -4.4982370e-01   5.6202298e-03   3.4434414e-01   5.4387454e-01   6.4489528e-01   7.5208564e-01   8.3304344e-01   9.0641514e-01
   9.7389372e-01  -6.8628549e-01  -6.1298217e-01  -3.9105140e-01   6.7801349e-02   3.9126402e-01   5.7990221e-01   6.7440277e-01   7.7350146e-01   8.4811234e-01   9.1564177e-01
   1.0053096e+00  -6.9040198e-01  -5.6898883e-01  -3.2656617e-01   1.3186197e-01   4.3818092e-01   6.1541542e-01   7.0326293e-01   7.9428194e-01   8.6262040e-01   9.2440015e-01
   1.0367256e+00  -6.9311229e-01  -5.1744193e-01  -2.5653425e-01   1.9742142e-01   4.8487139e-01   6.5026821e-01   7.3137116e-01   8.1436481e-01   8.7653131e-01   9.3267518e-01
   1.0681415e+00  -6.9373588e-01  -4.5801215e-01  -1.8125163e-01   2.6404046e-01   5.3109457e-01   6.8430742e-01   7.5861948e-01   8.3368692e-01   8.8980861e-01   9.4045187e-01
   1.0995574e+00  -6.9131605e-01  -3.9050477e-01  -1.0115381e-01   3.3122318e-01   5.7659363e-01   7.1737367e-01   7.8489717e-01   8.5218455e-01   9.0241588e-01   9.4771535e-01
   1.1309734e+00  -6.8456671e-01  -3.1490837e-01  -1.6827060e-02   3.9841905e-01   6.2109731e-01   7.4930225e-01   8.1009141e-01   8.6979376e-01   9.1431687e-01   9.5445095e-01
   1.1623893e+00  -6.7171105e-01  -2.3143147e-01   7.0986150e-02   4.6502709e-01   6.6432201e-01   7.7992436e-01   8.3408802e-01   8.8645079e-01   9.2547573e-01   9.6064425e-01
   1.1938052e+00  -6.5025062e-01  -1.4052160e-01   1.6138993e-01   5.3040261e-01   7.0597464e-01   8.0906865e-01   8.5677250e-01   9.0209252e-01   9.3585727e-01   9.6628119e-01
   1.2252211e+00  -6.1678386e-01  -4.2873995e-02   2.5334332e-01   5.9386572e-01   7.4575592e-01   8.3656295e-01   8.7803102e-01   9.1665701e-01   9.4542722e-01   9.7134814e-01
   1.2566371e+00  -5.6704407e-01   6.0552010e-02   3.4566817e-01   6.5471015e-01   7.8336379e-01   8.6223606e-01   8.9775157e-01   9.3008405e-01   9.5415253e-01   9.7583208e-01
   1.2880530e+00  -4.9635138e-01   1.6848434e-01   4.3704803e-01   7.1220997e-01   8.1849628e-01   8.8591928e-01   9.1582487e-01   9.4231556e-01   9.6200154e-01   9.7972064e-01
   1.3194689e+00  -4.0060776e-01   2.7923918e-01   5.2601154e-01   7.6562256e-01   8.5085347e-01   9.0744753e-01   9.3214513e-01   9.5329601e-01   9.6894426e-01   9.8300219e-01
   1.3508848e+00  -2.7777762e-01   3.9057908e-01   6.1090305e-01   8.1418823e-01   8.8013859e-01   9.2666007e-01   9.4661043e-01   9.6297260e-01   9.7495241e-01   9.8566581e-01
   1.3823008e+00  -1.2954455e-01   4.9957125e-01   6.8985547e-01   8.5713021e-01   9.0605909e-01   9.4340123e-01   9.5912326e-01   9.7129556e-01   9.7999954e-01   9.8770139e-01
   1.4137167e+00   3.7375291e-02   6.0251852e-01   7.6079063e-01   8.9366105e-01   9.2832939e-01   9.5752175e-01   9.6959135e-01   9.7821849e-01   9.8406127e-01   9.8909962e-01
   1.4451326e+00   2.1084920e-01   6.9504313e-01   8.2147513e-01   9.2300224e-01   9.4667669e-01   9.6888163e-01   9.7792924e-01   9.8369913e-01   9.8711567e-01   9.8985229e-01
   1.4765485e+00   3.7431249e-01   7.7237998e-01   8.6965051e-01   9.4442162e-01   9.6085125e-01   9.7735484e-01   9.8406099e-01   9.8770056e-01   9.8914389e-01   9.8995260e-01
   1.5079645e+00   5.0919565e-01   8.2987918e-01   9.0323640e-01   9.5728807e-01   9.7064084e-01   9.8283580e-01   9.8792391e-01   9.9019287e-01   9.9013115e-01   9.8939576e-01
   1.5393804e+00   5.9837422e-01   8.6364330e-01   9.2057822e-01   9.6113615e-01   9.7588751e-01   9.8524705e-01   9.8947282e-01   9.9115504e-01   9.9006771e-01   9.8817963e-01
   1.5707963e+00   6.2977899e-01   8.7115866e-01   9.2068739e-01   9.5572764e-01   9.7650352e-01   9.8454633e-01   9.8868408e-01   9.9057676e-01   9.8894993e-01   9.8630533e-01
   1.6022123e+00   5.9911788e-01   8.5175414e-01   9.0341305e-01   9.4109466e-01   9.7248247e-01   9.8073157e-01   9.8555841e-01   9.8845967e-01   9.8678095e-01   9.8377763e-01
   1.6336282e+00   5.1085685e-01   8.0675361e-01   8.6949629e-01   9.1755196e-01   9.6390252e-01   9.7384240e-01   9.8012169e-01   9.8481768e-01   9.8357085e-01   9.8060514e-01
   1.6650441e+00   3.7714408e-01   7.3927281e-01   8.2048885e-01   8.8567400e-01   9.5092076e-01   9.6395757e-01   9.7242350e-01   9.7967636e-01   9.7933627e-01   9.7679996e-01
   1.6964600e+00   2.1503252e-01   6.5371721e-01   7.5855690e-01   8.4624198e-01   9.3375979e-01   9.5118900e-01   9.6253376e-01   9.7307137e-01   9.7409959e-01   9.7237723e-01
   1.7278760e+00   4.2883379e-02   5.5512080e-01   6.8622103e-01   8.0017371e-01   9.1268990e-01   9.3567373e-01   9.5053814e-01   9.6504645e-01   9.6788774e-01   9.6735433e-01
   1.7592919e+00  -1.2299474e-01   4.4849543e-01   6.0609471e-01   7.4845207e-01   8.8801075e-01   9.1756571e-01   9.3653337e-01   9.5565128e-01   9.6073101e-01   9.6175016e-01
   1.7907078e+00  -2.7063821e-01   3.3832930e-01   5.2067266e-01   6.9206502e-01   8.6003578e-01   8.9702871e-01   9.2062324e-01   9.4493968e-01   9.5266205e-01   9.5558451e-01
   1.8221237e+00  -3.9329775e-01   2.2830197e-01   4.3219535e-01   6.3196413e-01   8.2908107e-01   8.7423125e-01   9.0291564e-01   9.3296826e-01   9.4371509e-01   9.4887758e-01
   1.8535397e+00  -4.8903340e-01   1.2120676e-01   3.4258822e-01   5.6904129e-01   7.9545870e-01   8.4934340e-01   8.8352070e-01   9.1979558e-01   9.3392547e-01   9.4164973e-01
   1.8849556e+00  -5.5951100e-01   1.9019511e-02   2.5345565e-01   5.0411902e-01   7.5947331e-01   8.2253512e-01   8.6254980e-01   9.0548161e-01   9.2332938e-01   9.3392132e-01
   1.9163715e+00  -6.0854737e-01  -7.6961262e-02   1.6610417e-01   4.3794825e-01   7.2142053e-01   7.9397527e-01   8.4011486e-01   8.9008743e-01   9.1196364e-01   9.2571262e-01
   1.9477874e+00  -6.4081403e-01  -1.6596136e-01   8.1575444e-02   3.7120883e-01   6.8158591e-01   7.6383089e-01   8.1632796e-01   8.7367497e-01   8.9986559e-01   9.1704380e-01
   1.9792034e+00  -6.6089074e-01  -2.4759445e-01   6.7891471e-04   3.0451061e-01   6.4024404e-01   7.3226658e-01   7.9130077e-01   8.5630673e-01   8.8707295e-01   9.0793483e-01
   2.0106193e+00  -6.7268240e-01  -3.2174842e-01  -7.5977571e-02   2.3839475e-01   5.9765760e-01   6.9944376e-01   7.6514412e-01   8.3804553e-01   8.7362367e-01   8.9840550e-01
   2.0420352e+00  -6.7914118e-01  -3.8849301e-01  -1.4795901e-01   1.7333543e-01   5.5407654e-01   6.6552004e-01   7.3796751e-01   8.1895423e-01   8.5955579e-01   8.8847532e-01
   2.0734512e+00  -6.8224215e-01  -4.4801045e-01  -2.1497759e-01   1.0974188e-01   5.0973734e-01   6.3064857e-01   7.0987864e-01   7.9909550e-01   8.4490731e-01   8.7816354e-01
   2.1048671e+00  -6.8315759e-01  -5.0055174e-01  -2.7687213e-01   4.7960076e-02   4.6486220e-01   5.9497738e-01   6.8098295e-01   7.7853149e-01   8.2971603e-01   8.6748906e-01
   2.1362830e+00  -6.8252025e-01  -5.4641380e-01  -3.3359198e-01  -1.1725530e-02   4.1965828e-01   5.5864877e-01   6.5138314e-01   7.5732364e-01   8.1401943e-01   8.5647043e-01
   2.1676989e+00  -6.8064662e-01  -5.8592789e-01  -3.8518319e-01  -6.9089865e-02   3.7431705e-01   5.2179866e-01   6.2117874e-01   7.3553237e-01   7.9785455e-01   8.4512584e-01
   2.1991149e+00  -6.7768621e-01  -6.1946035e-01  -4.3177802e-01  -1.2396497e-01   3.2901384e-01   4.8455615e-01   5.9046570e-01   7.1321689e-01   7.8125782e-01   8.3347301e-01
   2.2305308e+00  -6.7374534e-01  -6.4743260e-01  -4.7359115e-01  -1.7623856e-01   2.8390716e-01   4.4704288e-01   5.5933599e-01   6.9043491e-01   7.6426500e-01   8.2152927e-01
   2.2619467e+00  -6.6896485e-01  -6.7034922e-01  -5.1091866e-01  -2.2585251e-01   2.3913820e-01   4.0937254e-01   5.2787716e-01   6.6724243e-01   7.4691097e-01   8.0931144e-01
   2.2933626e+00  -6.6349624e-01  -6.8881096e-01  -5.4413149e-01  -2.7279940e-01   1.9483083e-01   3.7165061e-01   4.9617217e-01   6.4369357e-01   7.2922974e-01   7.9683589e-01
   2.3247786e+00  -6.5747141e-01  -7.0350943e-01  -5.7366207e-01  -3.1711685e-01   1.5109239e-01   3.3397443e-01   4.6429924e-01   6.1984051e-01   7.1125433e-01   7.8411852e-01
   2.3561945e+00  -6.5106363e-01  -7.1520470e-01  -5.9998437e-01  -3.5887988e-01   1.0801493e-01   2.9643353e-01   4.3233205e-01   5.9573344e-01   6.9301681e-01   7.7117483e-01
   2.3876104e+00  -6.4449806e-01  -7.2466208e-01  -6.2357897e-01  -3.9818927e-01   6.5677653e-02   2.5911048e-01   4.0034004e-01   5.7142069e-01   6.7454838e-01   7.5802000e-01
   2.4190263e+00  -6.3794290e-01  -7.3255032e-01  -6.4488443e-01  -4.3515640e-01   2.4150320e-02   2.2208221e-01   3.6838912e-01   5.4694902e-01   6.5587948e-01   7.4466900e-01
   2.4504423e+00  -6.3148848e-01  -7.3935772e-01  -6.6425609e-01  -4.6988987e-01  -1.6503712e-02   1.8542114e-01   3.3654223e-01   5.2236375e-01   6.3703993e-01   7.3113676e-01
   2.4818582e+00  -6.2520343e-01  -7.4535424e-01  -6.8194372e-01  -5.0248694e-01  -5.6225513e-02   1.4919594e-01   3.0485971e-01   4.9770892e-01   6.1805899e-01   7.1743816e-01
   2.5132741e+00  -6.1907310e-01  -7.5059117e-01  -6.9808607e-01  -5.3302921e-01  -9.4959615e-02   1.1347179e-01   2.7339931e-01   4.7302727e-01   5.9896532e-01   7.0358810e-01
   2.5446900e+00  -6.1299706e-01  -7.5496586e-01  -7.1273335e-01  -5.6158547e-01  -1.3265473e-01   7.8309913e-02   2.4221598e-01   4.4836004e-01   5.7978693e-01   6.8960149e-01
   2.5761060e+00  -6.0693612e-01  -7.5834258e-01  -7.2589480e-01  -5.8822103e-01  -1.6926600e-01   4.3766537e-02   2.1136114e-01   4.2374668e-01   5.6055097e-01   6.7549308e-01
   2.6075219e+00  -6.0090945e-01  -7.6064662e-01  -7.3758102e-01  -6.1300591e-01  -2.0475692e-01   9.8918959e-03   1.8088213e-01   3.9922448e-01   5.4128354e-01   6.6127740e-01
   2.6389378e+00  -5.9493852e-01  -7.6190890e-01  -7.4783179e-01  -6.3601969e-01  -2.3910038e-01  -2.3270244e-02   1.5082187e-01   3.7482850e-01   5.2200960e-01   6.4696872e-01
   2.6703538e+00  -5.8913135e-01  -7.6227220e-01  -7.5673112e-01  -6.5735341e-01  -2.7227885e-01  -5.5682736e-02   1.2121877e-01   3.5059138e-01   5.0275291e-01   6.3258100e-01
   2.7017697e+00  -5.8361310e-01  -7.6192545e-01  -7.6439506e-01  -6.7710495e-01  -3.0428295e-01  -8.7314436e-02   9.2107033e-02   3.2654352e-01   4.8353610e-01   6.1812796e-01
   2.7331856e+00  -5.7839329e-01  -7.6101441e-01  -7.7094732e-01  -6.9537172e-01  -3.3510931e-01  -1.1813924e-01   6.3517186e-02   3.0271327e-01   4.6438078e-01   6.0362312e-01
   2.7646015e+00  -5.7344522e-01  -7.5961120e-01  -7.7651059e-01  -7.1224753e-01  -3.6475946e-01  -1.4813557e-01   3.5476340e-02   2.7912703e-01   4.4530754e-01   5.8907983e-01
   2.7960175e+00  -5.6869819e-01  -7.5772277e-01  -7.8120563e-01  -7.2782176e-01  -3.9323920e-01  -1.7728609e-01   8.0083517e-03   2.5580927e-01   4.2633603e-01   5.7451130e-01
   2.8274334e+00  -5.6399263e-01  -7.5534092e-01  -7.8515983e-01  -7.4218120e-01  -4.2055875e-01  -2.0557769e-01  -1.8866181e-02   2.3278257e-01   4.0748489e-01   5.5993055e-01
   2.8588493e+00  -5.5924233e-01  -7.5253706e-01  -7.8852798e-01  -7.5541523e-01  -4.4673362e-01  -2.3300187e-01  -4.5130114e-02   2.1006745e-01   3.8877169e-01   5.4535038e-01
   2.8902652e+00  -5.5445359e-01  -7.4950536e-01  -7.9149335e-01  -7.6761634e-01  -4.7178439e-01  -2.5955449e-01  -7.0769646e-02   1.8768246e-01   3.7021298e-01   5.3078334e-01
   2.9216812e+00  -5.4964830e-01  -7.4653155e-01  -7.9424381e-01  -7.7887464e-01  -4.9573492e-01  -2.8523498e-01  -9.5773835e-02   1.6564436e-01   3.5182431e-01   5.1624179e-01
   2.9530971e+00  -5.4493874e-01  -7.4392613e-01  -7.9693948e-01  -7.8927046e-01  -5.1861017e-01  -3.1004522e-01  -1.2013397e-01   1.4396839e-01   3.3362044e-01   5.0173797e-01
   2.9845130e+00  -5.4044700e-01  -7.4190951e-01  -7.9966918e-01  -7.9886412e-01  -5.4043331e-01  -3.3398818e-01  -1.4384279e-01   1.2266863e-01   3.1561550e-01   4.8728410e-01
   3.0159289e+00  -5.3618480e-01  -7.4051524e-01  -8.0241986e-01  -8.0768918e-01  -5.6122361e-01  -3.5706690e-01  -1.6689388e-01   1.0175825e-01   2.9782312e-01   4.7289244e-01
   3.0473449e+00  -5.3213660e-01  -7.3958634e-01  -8.0508509e-01  -8.1575525e-01  -5.8099691e-01  -3.7928454e-01  -1.8928169e-01   8.1249507e-02   2.8025641e-01   4.5857523e-01
   3.0787608e+00  -5.2824227e-01  -7.3882898e-01  -8.0749778e-01  -8.2305694e-01  -5.9976749e-01  -4.0064516e-01  -2.1100195e-01   6.1153585e-02   2.6292784e-01   4.4434466e-01
   3.1101767e+00  -5.2437433e-01  -7.3791317e-01  -8.0948073e-01  -8.2958702e-01  -6.1755109e-01  -4.2115493e-01  -2.3205229e-01   4.1480283e-02   2.4584910e-01   4.3021268e-01
   3.1415927e+00  -5.2047672e-01  -7.3660115e-01  -8.1090555e-01  -8.3535158e-01  -6.3436841e-01  -4.4082355e-01  -2.5243306e-01   2.2237686e-02   2.2903086e-01   4.1619084e-01
